0 1 33
0 2 30
0 6 17
0 9 25
1 4 25
1 5 13
1 6 18
2 3 15
2 9 20
2 10 35
2 12 27
3 8 15
3 9 31
3 12 23
3 14 15
3 21 20
4 5 20
4 7 31
4 16 40
5 6 20
5 7 15
5 8 30
6 8 25
6 9 21
7 8 35
7 16 25
7 17 20
7 32 30
8 9 16
8 21 35
8 32 32
10 12 22
10 13 28
11 43 35
11 45 21
11 47 33
11 48 44
12 14 22
12 15 30
13 15 28
13 20 40
14 15 36
14 19 23
14 20 35
14 21 16
15 20 25
16 17 30
16 22 35
16 27 50
17 22 28
17 23 25
17 28 38
17 32 15
18 21 20
18 23 30
18 24 30
18 29 40
18 32 15
19 20 30
19 21 30
19 24 35
19 25 25
19 26 40
20 26 30
21 24 45
21 32 26
22 27 35
22 28 30
23 28 18
23 29 32
23 32 30
24 25 25
24 29 15
25 26 30
25 30 30
25 31 21
25 37 50
26 31 20
26 38 55
27 28 43
27 34 25
27 42 26
28 29 42
28 34 30
28 35 25
29 30 35
29 35 30
29 36 37
30 36 33
30 37 30
31 37 35
31 38 40
33 37 35
33 38 25
33 39 25
33 46 30
33 49 20
34 35 33
34 41 25
34 42 20
34 43 37
35 36 43
35 40 35
35 41 30
36 37 28
36 39 25
36 40 30
37 38 25
37 39 30
38 49 45
39 40 40
39 46 20
40 41 27
40 45 20
40 46 28
41 43 14
41 45 23
42 43 34
42 44 24
42 47 36
43 45 30
43 47 15
44 47 26
45 46 30
45 48 33
46 48 15
46 49 35
48 49 32